{
  "FocusX": -0.238449156,
  "FocusY": 0.8249314,
  "FocusZ": -0.05887238,
  "AngleX": 14.0,
  "AngleY": -43.0,
  "Distance": 20.1359711,
  "RateOfMagnification": 1.0,
  "ClippingStart": 1.0,
  "ClippingEnd": 300.0,
  "CameraMode": 0
}